150 2263
0 7
0 18
0 23
0 26
0 30
0 31
0 32
0 41
0 42
0 51
0 57
0 60
0 67
0 74
0 76
0 78
0 80
0 93
0 98
0 107
0 119
0 125
0 135
0 143
1 4
1 12
1 24
1 36
1 48
1 49
1 52
1 53
1 73
1 76
1 83
1 88
1 89
1 92
1 97
1 104
1 106
1 114
1 117
1 131
1 132
1 140
2 7
2 13
2 18
2 20
2 22
2 27
2 33
2 37
2 47
2 49
2 52
2 57
2 67
2 73
2 74
2 83
2 92
2 101
2 106
2 114
2 119
2 122
2 128
2 135
2 138
2 148
3 5
3 6
3 14
3 24
3 26
3 29
3 37
3 44
3 46
3 47
3 50
3 57
3 73
3 79
3 80
3 83
3 93
3 98
3 100
3 101
3 106
3 107
3 109
3 118
3 119
3 121
3 122
3 124
3 126
3 143
4 9
4 11
4 16
4 20
4 23
4 27
4 33
4 39
4 40
4 48
4 53
4 55
4 63
4 65
4 73
4 76
4 77
4 91
4 93
4 95
4 101
4 102
4 105
4 107
4 111
4 118
4 129
4 134
4 135
4 136
4 140
4 142
5 9
5 13
5 30
5 32
5 42
5 49
5 52
5 53
5 59
5 74
5 76
5 78
5 86
5 87
5 99
5 100
5 102
5 115
5 120
5 132
5 140
6 7
6 13
6 15
6 20
6 22
6 27
6 30
6 33
6 34
6 35
6 40
6 46
6 50
6 52
6 61
6 67
6 73
6 75
6 78
6 83
6 84
6 88
6 89
6 90
6 92
6 95
6 101
6 107
6 108
6 111
6 113
6 122
6 126
6 136
6 138
6 143
6 149
7 10
7 12
7 15
7 16
7 26
7 27
7 28
7 29
7 40
7 45
7 46
7 48
7 54
7 56
7 62
7 65
7 67
7 69
7 71
7 72
7 73
7 74
7 77
7 79
7 83
7 86
7 87
7 91
7 108
7 121
7 122
7 123
7 134
7 139
7 140
8 11
8 14
8 15
8 20
8 22
8 25
8 26
8 29
8 35
8 36
8 38
8 41
8 45
8 49
8 53
8 58
8 59
8 61
8 64
8 66
8 67
8 70
8 72
8 92
8 94
8 101
8 110
8 118
8 122
8 123
8 125
8 126
8 130
8 132
8 133
8 134
8 135
8 137
8 139
8 140
8 144
8 145
9 19
9 22
9 23
9 27
9 35
9 47
9 53
9 63
9 70
9 72
9 75
9 78
9 82
9 83
9 89
9 94
9 95
9 97
9 104
9 112
9 115
9 123
9 128
9 130
9 131
9 132
9 133
9 139
9 145
10 15
10 16
10 27
10 28
10 29
10 33
10 38
10 40
10 43
10 56
10 58
10 60
10 64
10 66
10 69
10 74
10 78
10 82
10 88
10 95
10 101
10 105
10 109
10 110
10 112
10 113
10 114
10 124
10 125
10 128
10 130
10 131
10 136
10 137
10 139
11 20
11 23
11 24
11 41
11 44
11 45
11 48
11 51
11 56
11 62
11 63
11 66
11 67
11 71
11 72
11 77
11 92
11 93
11 98
11 114
11 115
11 116
11 123
11 124
11 126
11 136
11 141
11 145
12 15
12 21
12 25
12 28
12 30
12 33
12 43
12 44
12 47
12 48
12 52
12 60
12 62
12 69
12 72
12 85
12 89
12 92
12 109
12 115
12 120
12 124
12 126
12 128
12 138
12 139
12 140
12 144
12 148
13 27
13 29
13 37
13 43
13 49
13 51
13 57
13 58
13 62
13 68
13 72
13 76
13 80
13 101
13 102
13 108
13 109
13 114
13 117
13 123
13 124
13 125
13 127
13 130
13 137
13 140
13 147
14 17
14 19
14 20
14 21
14 25
14 31
14 33
14 50
14 56
14 63
14 68
14 77
14 82
14 86
14 87
14 90
14 91
14 92
14 93
14 98
14 108
14 113
14 114
14 118
14 119
14 120
14 129
14 130
14 131
14 132
14 143
14 145
14 147
14 149
15 18
15 23
15 27
15 29
15 32
15 37
15 53
15 62
15 63
15 69
15 74
15 85
15 86
15 92
15 95
15 101
15 109
15 110
15 113
15 114
15 128
15 131
15 134
15 137
15 139
15 145
16 19
16 21
16 28
16 30
16 34
16 37
16 39
16 40
16 41
16 43
16 45
16 48
16 50
16 55
16 56
16 74
16 79
16 84
16 85
16 89
16 96
16 100
16 105
16 109
16 110
16 115
16 122
16 129
16 131
16 137
17 18
17 19
17 21
17 22
17 25
17 27
17 34
17 39
17 42
17 43
17 45
17 46
17 50
17 52
17 54
17 65
17 69
17 75
17 76
17 82
17 84
17 89
17 103
17 105
17 107
17 109
17 113
17 118
17 120
17 121
17 124
17 130
17 133
17 144
17 148
17 149
18 19
18 21
18 30
18 37
18 46
18 52
18 54
18 57
18 62
18 63
18 69
18 70
18 73
18 88
18 90
18 92
18 93
18 103
18 108
18 110
18 115
18 119
18 121
18 124
18 125
18 129
18 139
18 140
18 147
18 149
19 22
19 40
19 44
19 45
19 50
19 56
19 57
19 58
19 70
19 72
19 80
19 83
19 100
19 107
19 119
19 120
19 122
19 123
19 124
19 133
19 135
19 137
19 144
19 146
19 147
20 21
20 29
20 31
20 32
20 33
20 35
20 42
20 48
20 52
20 57
20 58
20 63
20 67
20 70
20 77
20 79
20 91
20 95
20 96
20 98
20 102
20 103
20 113
20 126
20 129
20 138
20 143
20 147
21 23
21 24
21 29
21 36
21 46
21 52
21 59
21 69
21 81
21 89
21 91
21 93
21 115
21 118
21 120
21 121
21 123
21 130
21 131
21 134
21 138
21 141
21 146
22 23
22 26
22 30
22 32
22 38
22 45
22 47
22 49
22 55
22 62
22 81
22 82
22 86
22 88
22 95
22 96
22 99
22 102
22 104
22 105
22 106
22 124
22 127
22 133
22 135
22 137
22 141
23 27
23 30
23 34
23 35
23 46
23 50
23 53
23 55
23 61
23 62
23 63
23 65
23 69
23 81
23 92
23 95
23 102
23 126
23 127
23 128
23 131
23 142
23 145
24 26
24 27
24 31
24 32
24 44
24 46
24 52
24 56
24 61
24 63
24 64
24 65
24 69
24 73
24 80
24 82
24 86
24 87
24 90
24 93
24 98
24 102
24 104
24 119
24 120
24 126
24 127
24 143
25 32
25 34
25 35
25 42
25 52
25 55
25 64
25 74
25 78
25 81
25 82
25 83
25 85
25 86
25 91
25 93
25 96
25 102
25 108
25 124
25 135
25 145
26 27
26 29
26 30
26 33
26 37
26 38
26 42
26 49
26 58
26 62
26 77
26 88
26 89
26 92
26 94
26 112
26 113
26 129
26 133
26 138
26 140
26 144
27 31
27 33
27 39
27 42
27 47
27 57
27 58
27 59
27 61
27 62
27 63
27 74
27 83
27 84
27 88
27 91
27 93
27 97
27 104
27 112
27 113
27 116
27 122
27 129
27 133
27 134
27 139
28 37
28 39
28 45
28 49
28 52
28 55
28 60
28 74
28 77
28 83
28 84
28 94
28 97
28 107
28 109
28 116
28 128
28 134
28 136
28 138
28 143
29 38
29 42
29 49
29 52
29 59
29 60
29 61
29 63
29 68
29 82
29 90
29 96
29 99
29 100
29 123
29 127
29 130
29 134
29 137
29 143
29 145
30 36
30 37
30 39
30 44
30 49
30 54
30 65
30 69
30 80
30 81
30 86
30 90
30 92
30 101
30 102
30 104
30 107
30 116
30 139
30 149
31 40
31 50
31 63
31 68
31 69
31 71
31 73
31 80
31 99
31 100
31 102
31 115
31 120
31 121
31 124
31 126
31 141
32 34
32 47
32 60
32 61
32 79
32 81
32 83
32 84
32 86
32 90
32 94
32 96
32 98
32 105
32 109
32 111
32 115
32 116
32 117
32 122
32 128
32 132
32 135
32 138
32 144
33 37
33 39
33 41
33 42
33 46
33 55
33 56
33 60
33 62
33 65
33 71
33 84
33 86
33 87
33 89
33 90
33 101
33 108
33 121
33 122
33 130
33 135
33 136
33 141
33 146
34 35
34 50
34 52
34 54
34 55
34 56
34 58
34 62
34 70
34 71
34 72
34 79
34 83
34 88
34 91
34 92
34 94
34 98
34 99
34 100
34 101
34 102
34 106
34 110
34 114
34 119
34 121
34 124
34 134
34 138
34 148
35 37
35 48
35 51
35 52
35 57
35 66
35 68
35 75
35 81
35 84
35 89
35 92
35 95
35 99
35 100
35 106
35 108
35 113
35 115
35 125
35 129
35 133
35 138
35 148
35 149
36 45
36 58
36 59
36 62
36 65
36 66
36 74
36 79
36 85
36 87
36 93
36 94
36 103
36 106
36 109
36 111
36 112
36 115
36 124
36 136
36 138
36 142
36 144
36 145
37 40
37 44
37 46
37 48
37 50
37 55
37 57
37 61
37 63
37 64
37 67
37 70
37 71
37 75
37 77
37 83
37 88
37 93
37 95
37 96
37 99
37 101
37 105
37 108
37 110
37 114
37 116
37 117
37 122
37 128
37 143
38 39
38 49
38 51
38 59
38 77
38 83
38 85
38 92
38 100
38 108
38 118
38 120
38 122
38 123
38 124
38 132
38 135
38 140
38 142
38 146
39 50
39 54
39 64
39 66
39 69
39 70
39 71
39 78
39 83
39 93
39 96
39 99
39 102
39 103
39 107
39 109
39 124
39 132
39 139
39 142
39 145
39 146
39 147
40 45
40 65
40 71
40 75
40 78
40 84
40 88
40 91
40 98
40 107
40 112
40 127
40 131
40 134
40 138
40 140
40 148
41 49
41 51
41 56
41 68
41 72
41 73
41 76
41 78
41 81
41 82
41 83
41 87
41 91
41 92
41 96
41 100
41 114
41 116
41 121
41 122
41 138
41 143
41 144
41 147
42 43
42 50
42 72
42 80
42 90
42 92
42 101
42 107
42 116
42 118
42 125
42 130
42 134
42 140
42 142
43 49
43 51
43 52
43 56
43 57
43 60
43 61
43 66
43 70
43 74
43 83
43 95
43 101
43 104
43 108
43 109
43 116
43 119
43 124
43 127
43 130
43 135
43 139
43 145
43 146
44 46
44 54
44 57
44 60
44 65
44 82
44 85
44 112
44 118
44 130
44 131
44 149
45 56
45 60
45 64
45 67
45 68
45 72
45 75
45 85
45 86
45 87
45 96
45 102
45 114
45 115
45 118
45 119
45 122
45 133
45 136
45 138
45 139
46 48
46 49
46 50
46 55
46 71
46 75
46 76
46 78
46 80
46 83
46 86
46 90
46 91
46 99
46 105
46 109
46 113
46 116
46 117
46 135
46 136
46 137
46 148
47 49
47 59
47 60
47 80
47 82
47 86
47 88
47 104
47 105
47 110
47 116
47 117
47 119
47 128
47 139
47 143
47 144
48 52
48 64
48 65
48 66
48 69
48 72
48 76
48 79
48 80
48 84
48 86
48 89
48 93
48 104
48 108
48 113
48 116
48 119
48 130
48 135
48 139
48 141
48 143
48 145
48 146
48 147
49 51
49 57
49 74
49 75
49 76
49 87
49 90
49 97
49 117
49 120
49 128
49 132
49 147
50 51
50 53
50 57
50 62
50 64
50 69
50 79
50 80
50 83
50 84
50 107
50 109
50 111
50 124
50 128
50 132
50 134
50 142
50 147
51 53
51 54
51 56
51 57
51 59
51 62
51 77
51 93
51 99
51 100
51 106
51 109
51 115
51 116
51 120
51 131
51 140
51 144
51 147
52 55
52 59
52 61
52 65
52 69
52 73
52 75
52 97
52 101
52 103
52 108
52 113
52 115
52 119
52 123
52 126
52 135
52 136
52 137
52 138
52 140
52 144
52 146
52 149
53 56
53 58
53 60
53 63
53 76
53 85
53 93
53 95
53 107
53 108
53 115
53 117
53 122
53 134
53 135
53 137
53 144
53 145
54 62
54 64
54 68
54 73
54 76
54 83
54 84
54 94
54 96
54 98
54 101
54 103
54 108
54 113
54 116
54 130
54 136
54 143
55 67
55 73
55 75
55 76
55 78
55 86
55 87
55 88
55 89
55 91
55 105
55 108
55 113
55 114
55 128
55 148
55 149
56 57
56 58
56 60
56 61
56 62
56 68
56 70
56 73
56 76
56 82
56 94
56 101
56 103
56 110
56 111
56 114
56 118
56 120
56 125
56 126
56 127
56 130
56 131
56 132
56 141
57 64
57 67
57 82
57 85
57 96
57 97
57 98
57 102
57 103
57 104
57 108
57 110
57 117
57 120
57 121
57 136
57 141
58 61
58 83
58 84
58 85
58 92
58 97
58 98
58 99
58 108
58 110
58 119
58 123
58 125
58 135
58 148
59 65
59 71
59 74
59 78
59 79
59 83
59 85
59 86
59 89
59 92
59 99
59 115
59 119
59 122
59 126
59 130
59 140
59 148
60 61
60 62
60 63
60 78
60 79
60 80
60 84
60 87
60 92
60 101
60 104
60 109
60 112
60 115
60 117
60 118
60 120
60 122
60 125
60 126
60 129
60 134
60 143
60 149
61 81
61 88
61 90
61 92
61 102
61 104
61 127
61 144
61 147
62 73
62 93
62 96
62 112
62 117
62 120
62 121
62 123
62 135
62 138
62 141
62 148
63 64
63 65
63 67
63 71
63 74
63 75
63 78
63 79
63 80
63 83
63 89
63 95
63 111
63 112
63 123
63 127
63 128
63 132
63 134
63 137
63 138
63 143
63 147
64 75
64 79
64 82
64 86
64 90
64 94
64 98
64 99
64 101
64 102
64 106
64 108
64 113
64 114
64 125
64 127
64 129
64 131
64 133
64 136
64 140
64 143
65 71
65 79
65 81
65 82
65 94
65 105
65 109
65 110
65 116
65 124
65 129
65 131
65 138
65 140
65 142
65 145
65 147
66 70
66 74
66 77
66 78
66 81
66 89
66 97
66 100
66 106
66 110
66 111
66 116
66 131
66 138
66 139
66 142
66 143
66 144
67 79
67 80
67 82
67 88
67 90
67 91
67 92
67 93
67 94
67 97
67 98
67 105
67 106
67 113
67 114
67 132
67 143
67 145
68 75
68 77
68 87
68 91
68 97
68 98
68 100
68 102
68 103
68 107
68 115
68 117
68 120
68 129
68 138
68 146
69 70
69 72
69 78
69 80
69 92
69 95
69 104
69 109
69 111
69 112
69 115
69 116
69 128
69 131
69 136
69 138
69 139
69 141
69 142
70 76
70 83
70 100
70 104
70 115
70 121
70 126
70 127
70 132
70 133
70 134
70 144
70 145
70 148
71 83
71 86
71 91
71 97
71 102
71 108
71 109
71 111
71 116
71 117
71 124
71 127
71 129
71 133
71 135
71 137
71 144
71 146
72 75
72 78
72 79
72 80
72 86
72 97
72 98
72 99
72 104
72 111
72 113
72 123
72 124
72 127
72 131
72 132
72 135
72 136
72 141
72 148
73 76
73 77
73 79
73 84
73 85
73 89
73 91
73 102
73 103
73 105
73 123
73 126
73 127
73 128
73 129
73 130
73 133
73 137
73 142
74 77
74 78
74 80
74 89
74 94
74 95
74 97
74 98
74 106
74 110
74 113
74 119
74 120
74 122
74 130
74 132
74 135
74 143
74 147
75 88
75 89
75 92
75 98
75 103
75 104
75 110
75 114
75 129
75 132
75 148
76 83
76 85
76 101
76 107
76 110
76 115
76 116
76 118
76 138
76 141
76 144
76 147
76 148
77 78
77 90
77 105
77 108
77 109
77 111
77 113
77 119
77 126
77 130
78 84
78 104
78 108
78 112
78 122
78 128
78 130
78 132
78 133
78 136
78 137
79 80
79 82
79 103
79 107
79 114
79 115
79 117
79 125
79 128
79 129
80 81
80 93
80 104
80 106
80 108
80 121
80 125
80 128
80 129
80 135
80 136
80 139
80 140
80 144
81 82
81 93
81 95
81 99
81 102
81 106
81 122
81 126
81 128
81 130
81 135
81 140
81 143
81 144
82 83
82 86
82 87
82 90
82 93
82 95
82 105
82 112
82 117
82 126
82 128
82 134
82 142
82 147
83 87
83 92
83 98
83 101
83 110
83 113
83 115
83 122
83 137
83 139
83 148
84 89
84 97
84 100
84 108
84 126
84 129
84 130
84 131
84 132
84 133
84 140
84 142
84 147
85 88
85 90
85 92
85 126
85 130
85 131
85 132
85 137
85 142
86 105
86 118
86 124
86 125
86 140
86 145
86 148
87 89
87 102
87 103
87 106
87 109
87 111
87 115
87 117
87 118
87 124
87 126
87 130
87 132
87 134
87 136
87 140
87 146
88 102
88 105
88 107
88 108
88 109
88 120
88 128
88 134
88 137
88 139
88 143
88 149
89 92
89 94
89 103
89 104
89 115
89 116
89 117
89 123
89 133
89 135
89 136
89 137
89 140
89 142
89 146
90 92
90 93
90 95
90 117
90 123
90 133
90 135
90 139
90 149
91 95
91 99
91 101
91 102
91 107
91 112
91 115
91 120
91 124
91 126
91 131
91 134
91 137
91 140
91 142
91 144
91 145
92 99
92 113
92 124
92 126
92 129
92 132
92 135
92 137
92 141
92 146
92 148
93 94
93 111
93 112
93 113
93 115
93 117
93 120
93 122
93 124
93 128
93 135
93 141
94 98
94 99
94 111
94 116
94 120
94 127
94 134
94 137
94 145
95 97
95 99
95 129
95 130
95 132
95 134
95 138
95 146
95 148
96 98
96 100
96 101
96 112
96 124
96 130
96 134
96 135
96 139
96 141
96 142
96 143
96 146
96 149
97 100
97 101
97 103
97 110
97 112
97 137
98 101
98 105
98 107
98 109
98 119
98 131
98 133
98 138
98 146
99 103
99 107
99 111
99 113
99 117
99 124
99 129
99 135
99 141
99 148
100 104
100 111
100 114
100 115
100 124
100 125
100 133
100 141
100 145
100 146
100 147
101 109
101 110
101 112
101 123
102 104
102 110
102 112
102 120
102 125
102 127
102 144
102 149
103 105
103 109
103 126
103 137
103 139
104 108
104 109
104 112
104 115
104 116
104 123
104 127
104 128
104 129
104 131
104 132
104 133
104 136
104 149
105 112
105 113
105 117
105 118
105 119
105 123
105 135
105 138
105 139
105 147
106 108
106 111
106 113
106 115
106 127
106 128
106 129
106 131
106 132
106 146
107 109
107 111
107 113
107 118
107 122
107 125
107 131
107 136
107 139
107 140
107 141
107 143
107 147
108 113
108 114
108 117
108 127
108 137
108 139
108 140
109 122
109 127
109 128
109 130
109 131
109 135
109 138
109 146
109 147
110 113
110 115
110 116
110 119
110 121
110 123
110 136
110 141
111 112
111 125
111 132
111 144
111 149
112 117
112 118
112 119
112 127
112 130
112 139
112 143
112 144
112 145
113 117
113 123
113 124
113 131
113 143
113 145
114 116
114 117
114 120
114 124
114 127
114 136
114 140
114 141
115 126
115 127
115 131
115 137
115 138
115 145
116 117
116 122
116 126
116 127
116 131
116 140
116 141
116 145
116 149
117 121
117 130
117 140
117 143
117 146
117 149
118 129
118 134
118 136
118 137
118 141
118 148
119 120
119 123
119 124
119 127
119 133
119 134
119 139
119 140
119 142
119 144
119 145
119 146
120 122
120 127
120 135
120 140
120 143
121 128
121 132
121 138
121 147
122 123
122 128
122 134
122 139
122 146
123 124
123 125
123 134
123 138
123 145
124 139
124 146
125 126
125 129
125 130
125 138
125 139
125 140
125 146
126 128
126 142
126 145
126 149
127 130
127 141
127 142
127 144
127 148
128 133
128 136
128 139
128 143
128 146
129 132
129 144
130 136
130 139
130 140
130 143
130 149
131 132
131 133
131 134
131 139
131 143
131 149
132 135
132 136
132 144
132 147
132 149
133 139
133 141
134 135
134 143
134 145
134 148
135 141
135 147
136 147
138 144
138 145
139 141
139 149
142 149
143 146
144 145
144 149
145 147
